IGHV1-105*01	1	75	76	99	100	150	151	174	175	288	VH	0
IGHV1-105*01_S0606	1	75	76	99	100	150	151	174	175	288	VH	0
IGHV1-124*01	1	75	76	99	100	150	151	174	175	288	VH	0
IGHV1-124*01_S1765	1	75	76	99	100	150	151	174	175	288	VH	0
IGHV1-124*01_S6748	1	75	76	99	100	150	151	174	175	288	VH	0
IGHV1-124*01_S7834	1	75	76	99	100	150	151	174	175	288	VH	0
IGHV1-138*01	1	75	76	99	100	150	151	174	175	288	VH	0
IGHV1-138*01_S2054	1	75	76	99	100	150	151	174	175	288	VH	0
IGHV1-138*01_S2593	1	75	76	99	100	150	151	174	175	288	VH	0
IGHV1-138*01_S3445	1	75	76	99	100	150	151	174	175	288	VH	0
IGHV1-138*01_S4144	1	75	76	99	100	150	151	174	175	288	VH	0
IGHV1-138*01_S6073	1	75	76	99	100	150	151	174	175	288	VH	0
IGHV1-138*01_S8042	1	75	76	99	100	150	151	174	175	288	VH	0
IGHV1-138*01_S8712	1	75	76	99	100	150	151	174	175	288	VH	0
IGHV1-138*01_S8841	1	75	76	99	100	150	151	174	175	288	VH	0
IGHV1-138*01_S8860	1	75	76	99	100	150	151	174	175	288	VH	0
IGHV1-138*01_S9115	1	75	76	99	100	150	151	174	175	288	VH	0
IGHV1-138*01_S9603	1	75	76	99	100	150	151	174	175	288	VH	0
IGHV1-138*02	1	75	76	99	100	150	151	174	175	288	VH	0
IGHV1-170*01	1	75	76	99	100	150	151	174	175	288	VH	0
IGHV1-170*01_S3055	1	75	76	99	100	150	151	174	175	288	VH	0
IGHV1-193*01_S6037	1	75	76	99	100	150	151	174	175	288	VH	0
IGHV1-58*02	1	75	76	99	100	150	151	174	175	288	VH	0
IGHV1-60*01_S1918	1	75	76	99	100	150	151	174	175	288	VH	0
IGHV1-60*01_S7602	1	75	76	99	100	150	151	174	175	288	VH	0
IGHV1-60*01_S7772	1	75	76	99	100	150	151	174	175	288	VH	0
IGHV1-84*01	1	75	76	99	100	150	151	174	175	288	VH	0
IGHV1-84*01_S0025	1	75	76	99	100	150	151	174	175	288	VH	0
IGHV1-84*01_S0240	1	75	76	99	100	150	151	174	175	288	VH	0
IGHV1-84*01_S0302	1	75	76	99	100	150	151	174	175	288	VH	0
IGHV1-84*01_S2805	1	75	76	99	100	150	151	174	175	288	VH	0
IGHV1-84*01_S4663	1	75	76	99	100	150	151	174	175	288	VH	0
IGHV1-84*01_S5228	1	75	76	99	100	150	151	174	175	288	VH	0
IGHV1-84*01_S5842	1	75	76	99	100	150	151	174	175	288	VH	0
IGHV1-84*01_S8557	1	75	76	99	100	150	151	174	175	288	VH	0
IGHV1-84*01_S9171	1	75	76	99	100	150	151	174	175	288	VH	0
IGHV1-84*01_S9366	1	75	76	99	100	150	151	174	175	288	VH	0
IGHV1-NL_1*01_S2052	1	75	76	99	100	150	151	174	175	288	VH	0
IGHV1-NL_1*01_S6622	1	75	76	99	100	150	151	174	175	288	VH	0
IGHV1-NL_1*01_S8523	1	75	76	99	100	150	151	174	175	288	VH	0
IGHV1-NL_2*01_S0023	1	75	76	99	100	150	151	174	175	288	VH	0
IGHV1-NL_2*01_S2228	1	75	76	99	100	150	151	174	175	288	VH	0
IGHV1-NL_2*01_S3477	1	75	76	99	100	150	151	174	175	288	VH	0
IGHV1-NL_2*01_S3568	1	75	76	99	100	150	151	174	175	288	VH	0
IGHV1-NL_2*01_S5797	1	75	76	99	100	150	151	174	175	288	VH	0
IGHV1-NL_2*01_S5959	1	75	76	99	100	150	151	174	175	288	VH	0
IGHV1-NL_2*01_S7386	1	75	76	99	100	150	151	174	175	288	VH	0
IGHV1-NL_2*01_S9896	1	75	76	99	100	150	151	174	175	288	VH	0
IGHV2-118*01	1	75	76	105	106	156	157	177	178	291	VH	0
IGHV2-118*01_S2768	1	75	76	105	106	156	157	177	178	291	VH	0
IGHV2-118*01_S3831	1	75	76	105	106	156	157	177	178	291	VH	0
IGHV2-118*01_S4527	1	75	76	105	106	156	157	177	178	291	VH	0
IGHV2-118*01_S4531	1	75	76	105	106	156	157	177	178	291	VH	0
IGHV2-118*01_S4632	1	75	76	105	106	156	157	177	178	291	VH	0
IGHV2-118*01_S6364	1	75	76	105	106	156	157	177	178	291	VH	0
IGHV2-118*01_S8501	1	75	76	105	106	156	157	177	178	291	VH	0
IGHV2-118*01_S8953	1	75	76	105	106	156	157	177	178	291	VH	0
IGHV2-173*01	1	75	76	105	106	156	157	177	178	291	VH	0
IGHV2-173*01_S2781	1	75	76	105	106	156	157	177	178	291	VH	0
IGHV2-173*01_S9930	1	75	76	105	106	156	157	177	178	291	VH	0
IGHV2-69*01	1	75	76	105	106	156	157	177	178	291	VH	0
IGHV2-69*01_S2332	1	75	76	105	106	156	157	177	178	291	VH	0
IGHV2-69*01_S2408	1	75	76	105	106	156	157	177	178	291	VH	0
IGHV2-69*01_S2931	1	75	76	105	106	156	157	177	178	291	VH	0
IGHV2-69*01_S4797	1	75	76	105	106	156	157	177	178	291	VH	0
IGHV2-69*01_S5121	1	75	76	105	106	156	157	177	178	291	VH	0
IGHV2-69*01_S6153	1	75	76	105	106	156	157	177	178	291	VH	0
IGHV2-69*01_S8510	1	75	76	105	106	156	157	177	178	291	VH	0
IGHV2-69*01_S8735	1	75	76	105	106	156	157	177	178	291	VH	0
IGHV2-69*02	1	75	76	105	106	156	157	177	178	291	VH	0
IGHV2-69*02_S0779	1	75	76	105	106	156	157	177	178	291	VH	0
IGHV2-69*02_S8202	1	75	76	105	106	156	157	177	178	291	VH	0
IGHV2-7*02_S1732	1	75	76	105	106	156	157	177	178	291	VH	0
IGHV2-7*02_S3534	1	75	76	105	106	156	157	177	178	291	VH	0
IGHV2-7*02_S4078	1	75	76	105	106	156	157	177	178	291	VH	0
IGHV2-7*02_S4285	1	75	76	105	106	156	157	177	178	291	VH	0
IGHV2-NL_1*01_S2133	1	75	76	105	106	156	157	177	178	291	VH	0
IGHV2-NL_1*01_S2488	1	75	76	105	106	156	157	177	178	291	VH	0
IGHV2-NL_1*01_S3296	1	75	76	105	106	156	157	177	178	291	VH	0
IGHV2-NL_1*01_S4514	1	75	76	105	106	156	157	177	178	291	VH	0
IGHV2-NL_1*01_S5211	1	75	76	105	106	156	157	177	178	291	VH	0
IGHV2-NL_1*01_S5431	1	75	76	105	106	156	157	177	178	291	VH	0
IGHV2-NL_1*01_S5779	1	75	76	105	106	156	157	177	178	291	VH	0
IGHV2-NL_1*01_S7874	1	75	76	105	106	156	157	177	178	291	VH	0
IGHV2-NL_1*01_S9725	1	75	76	105	106	156	157	177	178	291	VH	0
IGHV2-NL_2*01_S2193	1	75	76	105	106	156	157	177	178	291	VH	0
IGHV2-NL_2*01_S8873	1	75	76	105	106	156	157	177	178	291	VH	0
IGHV3-100*01	7	81	82	105	106	156	157	177	178	291	VH	0
IGHV3-100*01_S2822	7	81	82	105	106	156	157	177	178	291	VH	0
IGHV3-100*01_S4205	7	81	82	105	106	156	157	177	178	291	VH	0
IGHV3-100*01_S4375	7	81	82	105	106	156	157	177	178	291	VH	0
IGHV3-100*02_S9884	7	81	82	105	106	156	157	177	178	291	VH	0
IGHV3-103*01	1	75	76	99	100	150	151	174	175	288	VH	0
IGHV3-103*01_S2756	1	75	76	99	100	150	151	174	175	288	VH	0
IGHV3-119*01	1	75	76	99	100	150	151	168	169	282	VH	0
IGHV3-119*01_S9769	1	75	76	99	100	150	151	168	169	282	VH	0
IGHV3-119*02	1	75	76	99	100	150	151	168	169	282	VH	0
IGHV3-120*01_S4231	1	75	76	99	100	150	151	174	175	288	VH	0
IGHV3-122*01	1	75	76	99	100	150	151	174	175	288	VH	0
IGHV3-122*01_S2709	1	75	76	99	100	150	151	174	175	288	VH	0
IGHV3-122*01_S2730	1	75	76	99	100	150	151	174	175	288	VH	0
IGHV3-122*01_S5299	1	75	76	99	100	150	151	174	175	288	VH	0
IGHV3-122*01_S6138	1	75	76	99	100	150	151	174	175	288	VH	0
IGHV3-122*01_S8125	1	75	76	99	100	150	151	174	175	288	VH	0
IGHV3-122*01_S8388	1	75	76	99	100	150	151	174	175	288	VH	0
IGHV3-127*01	1	75	76	99	100	150	151	174	175	288	VH	0
IGHV3-127*01_S1834	1	75	76	99	100	150	151	174	175	288	VH	0
IGHV3-127*01_S2849	1	75	76	99	100	150	151	174	175	288	VH	0
IGHV3-127*01_S3041	1	75	76	99	100	150	151	174	175	288	VH	0
IGHV3-127*01_S3553	1	75	76	99	100	150	151	174	175	288	VH	0
IGHV3-127*01_S5171	1	75	76	99	100	150	151	174	175	288	VH	0
IGHV3-127*01_S5510	1	75	76	99	100	150	151	174	175	288	VH	0
IGHV3-127*01_S6769	1	75	76	99	100	150	151	174	175	288	VH	0
IGHV3-127*01_S7059	1	75	76	99	100	150	151	174	175	288	VH	0
IGHV3-127*01_S8923	1	75	76	99	100	150	151	174	175	288	VH	0
IGHV3-127*01_S9779	1	75	76	99	100	150	151	174	175	288	VH	0
IGHV3-128*01	1	75	76	99	100	150	151	180	181	294	VH	0
IGHV3-128*01_S1128	1	75	76	99	100	150	151	180	181	294	VH	0
IGHV3-128*01_S3120	1	75	76	99	100	150	151	180	181	294	VH	0
IGHV3-128*01_S5770	1	75	76	99	100	150	151	180	181	294	VH	0
IGHV3-128*01_S6966	1	75	76	99	100	150	151	180	181	294	VH	0
IGHV3-128*02	1	75	76	99	100	150	151	180	181	294	VH	0
IGHV3-128*02_S0204	1	75	76	99	100	150	151	180	181	294	VH	0
IGHV3-128*02_S1375	1	75	76	99	100	150	151	180	181	294	VH	0
IGHV3-128*02_S1569	1	75	76	99	100	150	151	180	181	294	VH	0
IGHV3-128*02_S1570	1	75	76	99	100	150	151	180	181	294	VH	0
IGHV3-128*02_S2156	1	75	76	99	100	150	151	180	181	294	VH	0
IGHV3-128*02_S2995	1	75	76	99	100	150	151	180	181	294	VH	0
IGHV3-128*02_S3121	1	75	76	99	100	150	151	180	181	294	VH	0
IGHV3-128*02_S5001	1	75	76	99	100	150	151	180	181	294	VH	0
IGHV3-128*02_S6042	1	75	76	99	100	150	151	180	181	294	VH	0
IGHV3-128*02_S6299	1	75	76	99	100	150	151	180	181	294	VH	0
IGHV3-141*01_S2525	1	75	76	99	100	150	151	174	175	288	VH	0
IGHV3-141*01_S3493	1	75	76	99	100	150	151	174	175	288	VH	0
IGHV3-141*01_S4264	1	75	76	99	100	150	151	174	175	288	VH	0
IGHV3-141*01_S5017	1	75	76	99	100	150	151	174	175	288	VH	0
IGHV3-141*01_S5053	1	75	76	99	100	150	151	174	175	288	VH	0
IGHV3-141*01_S6168	1	75	76	99	100	150	151	174	175	288	VH	0
IGHV3-141*01_S8690	1	75	76	99	100	150	151	174	175	288	VH	0
IGHV3-141*02_S1149	1	75	76	99	100	150	151	174	175	288	VH	0
IGHV3-141*02_S2868	1	75	76	99	100	150	151	174	175	288	VH	0
IGHV3-141*02_S4530	1	75	76	99	100	150	151	174	175	288	VH	0
IGHV3-141*02_S6589	1	75	76	99	100	150	151	174	175	288	VH	0
IGHV3-143*01	3	75	76	99	100	150	151	171	172	285	VH	0
IGHV3-143*01_S1151	3	75	76	99	100	150	151	171	172	285	VH	0
IGHV3-152*01	1	75	76	99	100	150	151	180	181	294	VH	0
IGHV3-152*01_S1133	1	75	76	99	100	150	151	180	181	294	VH	0
IGHV3-152*01_S1340	1	75	76	99	100	150	151	180	181	294	VH	0
IGHV3-152*01_S5891	1	75	76	99	100	150	151	180	181	294	VH	0
IGHV3-152*01_S7388	1	75	76	99	100	150	151	180	181	294	VH	0
IGHV3-172*01	1	75	76	99	100	150	151	180	181	294	VH	0
IGHV3-172*01_S0072	1	75	76	99	100	150	151	180	181	294	VH	0
IGHV3-172*01_S0577	1	75	76	99	100	150	151	180	181	294	VH	0
IGHV3-172*01_S0645	1	75	76	99	100	150	151	180	181	294	VH	0
IGHV3-172*01_S1597	1	75	76	99	100	150	151	180	181	294	VH	0
IGHV3-172*01_S2175	1	75	76	99	100	150	151	180	181	294	VH	0
IGHV3-172*01_S8488	1	75	76	99	100	150	151	180	181	294	VH	0
IGHV3-172*01_S8824	1	75	76	99	100	150	151	180	181	294	VH	0
IGHV3-175*01	1	75	76	99	100	150	151	180	181	294	VH	0
IGHV3-175*01_S1248	1	75	76	99	100	150	151	180	181	294	VH	0
IGHV3-175*01_S1614	1	75	76	99	100	150	151	180	181	294	VH	0
IGHV3-177*01_S1591	1	75	76	99	100	150	151	174	175	288	VH	0
IGHV3-177*01_S4102	1	75	76	99	100	150	151	174	175	288	VH	0
IGHV3-177*01_S5369	1	75	76	99	100	150	151	174	175	288	VH	0
IGHV3-177*01_S6408	1	75	76	99	100	150	151	174	175	288	VH	0
IGHV3-177*01_S8387	1	75	76	99	100	150	151	174	175	288	VH	0
IGHV3-177*01_S8409	1	75	76	99	100	150	151	174	175	288	VH	0
IGHV3-177*01_S8970	1	75	76	99	100	150	151	174	175	288	VH	0
IGHV3-187*01_S1090	1	75	76	99	100	150	151	180	181	294	VH	0
IGHV3-187*01_S1133	1	75	76	99	100	150	151	180	181	294	VH	0
IGHV3-187*01_S1387	1	75	76	99	100	150	151	180	181	294	VH	0
IGHV3-187*01_S2144	1	75	76	99	100	150	151	180	181	294	VH	0
IGHV3-187*01_S3395	1	75	76	99	100	150	151	180	181	294	VH	0
IGHV3-187*01_S4220	1	75	76	99	100	150	151	180	181	294	VH	0
IGHV3-187*01_S4259	1	75	76	99	100	150	151	180	181	294	VH	0
IGHV3-187*01_S6840	1	75	76	99	100	150	151	180	181	294	VH	0
IGHV3-187*01_S8951	1	75	76	99	100	150	151	180	181	294	VH	0
IGHV3-187*01_S8972	1	75	76	99	100	150	151	180	181	294	VH	0
IGHV3-187*01_S9930	1	75	76	99	100	150	151	180	181	294	VH	0
IGHV3-187*02	1	75	76	99	100	150	151	180	181	294	VH	0
IGHV3-187*02_S6102	1	75	76	99	100	150	151	180	181	294	VH	0
IGHV3-187*02_S8458	1	75	76	99	100	150	151	180	181	294	VH	0
IGHV3-28*01	1	75	76	99	100	150	151	174	175	288	VH	0
IGHV3-28*01_S0096	1	75	76	99	100	150	151	174	175	288	VH	0
IGHV3-28*01_S3792	1	75	76	99	100	150	151	174	175	288	VH	0
IGHV3-28*01_S5419	1	75	76	99	100	150	151	174	175	288	VH	0
IGHV3-28*01_S5703	1	75	76	99	100	150	151	174	175	288	VH	0
IGHV3-28*01_S7540	1	75	76	99	100	150	151	174	175	288	VH	0
IGHV3-28*01_S8684	1	75	76	99	100	150	151	174	175	288	VH	0
IGHV3-34*01_S1309	1	75	76	99	100	150	151	174	175	288	VH	0
IGHV3-34*01_S1458	1	75	76	99	100	150	151	174	175	288	VH	0
IGHV3-34*01_S2915	1	75	76	99	100	150	151	174	175	288	VH	0
IGHV3-36*01	1	75	76	99	100	150	151	177	178	291	VH	0
IGHV3-36*01_S5206	1	75	76	99	100	150	151	177	178	291	VH	0
IGHV3-36*01_S6650	1	75	76	99	100	150	151	177	178	291	VH	0
IGHV3-36*01_S7141	1	75	76	99	100	150	151	177	178	291	VH	0
IGHV3-36*01_S9128	1	75	76	99	100	150	151	177	178	291	VH	0
IGHV3-37*01_S4420	1	75	76	99	100	150	151	180	181	294	VH	0
IGHV3-37*01_S6325	1	75	76	99	100	150	151	180	181	294	VH	0
IGHV3-37*01_S6630	1	75	76	99	100	150	151	180	181	294	VH	0
IGHV3-37*01_S9699	1	75	76	99	100	150	151	180	181	294	VH	0
IGHV3-5*01	1	75	76	99	100	150	151	174	175	288	VH	0
IGHV3-5*01_S0388	1	75	76	99	100	150	151	174	175	288	VH	0
IGHV3-5*01_S0969	1	75	76	99	100	150	151	174	175	288	VH	0
IGHV3-5*01_S2703	1	75	76	99	100	150	151	174	175	288	VH	0
IGHV3-5*01_S4091	1	75	76	99	100	150	151	174	175	288	VH	0
IGHV3-5*01_S6059	1	75	76	99	100	150	151	174	175	288	VH	0
IGHV3-50*01	1	75	76	99	100	150	151	174	175	288	VH	0
IGHV3-50*01_S1524	1	75	76	99	100	150	151	174	175	288	VH	0
IGHV3-50*01_S1879	1	75	76	99	100	150	151	174	175	288	VH	0
IGHV3-50*01_S3548	1	75	76	99	100	150	151	174	175	288	VH	0
IGHV3-50*01_S4628	1	75	76	99	100	150	151	174	175	288	VH	0
IGHV3-50*01_S5299	1	75	76	99	100	150	151	174	175	288	VH	0
IGHV3-50*01_S6687	1	75	76	99	100	150	151	174	175	288	VH	0
IGHV3-50*01_S7243	1	75	76	99	100	150	151	174	175	288	VH	0
IGHV3-50*01_S9079	1	75	76	99	100	150	151	174	175	288	VH	0
IGHV3-50*02_S9583	1	75	76	99	100	150	151	174	175	288	VH	0
IGHV3-52*01	1	75	76	99	100	150	151	180	181	294	VH	0
IGHV3-52*01_S3960	1	75	76	99	100	150	151	180	181	294	VH	0
IGHV3-52*01_S8160	1	75	76	99	100	150	151	180	181	294	VH	0
IGHV3-52*02_S2646	1	75	76	99	100	150	151	180	181	294	VH	0
IGHV3-52*02_S4550	1	75	76	99	100	150	151	180	181	294	VH	0
IGHV3-52*02_S5117	1	75	76	99	100	150	151	180	181	294	VH	0
IGHV3-53*01	1	75	76	99	100	150	151	174	175	288	VH	0
IGHV3-53*01_S0543	1	75	76	99	100	150	151	174	175	288	VH	0
IGHV3-53*01_S1252	1	75	76	99	100	150	151	174	175	288	VH	0
IGHV3-53*01_S1558	1	75	76	99	100	150	151	174	175	288	VH	0
IGHV3-53*01_S2000	1	75	76	99	100	150	151	174	175	288	VH	0
IGHV3-53*01_S2253	1	75	76	99	100	150	151	174	175	288	VH	0
IGHV3-53*01_S2949	1	75	76	99	100	150	151	174	175	288	VH	0
IGHV3-53*01_S3027	1	75	76	99	100	150	151	174	175	288	VH	0
IGHV3-53*01_S3451	1	75	76	99	100	150	151	174	175	288	VH	0
IGHV3-53*01_S3647	1	75	76	99	100	150	151	174	175	288	VH	0
IGHV3-53*01_S4071	1	75	76	99	100	150	151	174	175	288	VH	0
IGHV3-53*01_S4256	1	75	76	99	100	150	151	174	175	288	VH	0
IGHV3-53*01_S4423	1	75	76	99	100	150	151	174	175	288	VH	0
IGHV3-53*01_S5688	1	75	76	99	100	150	151	174	175	288	VH	0
IGHV3-53*01_S7463	1	75	76	99	100	150	151	174	175	288	VH	0
IGHV3-53*01_S8116	1	75	76	99	100	150	151	174	175	288	VH	0
IGHV3-53*02	1	75	76	99	100	150	151	174	175	288	VH	0
IGHV3-53*02_S0150	1	75	76	99	100	150	151	174	175	288	VH	0
IGHV3-73*01	1	75	76	99	100	150	151	174	175	288	VH	0
IGHV3-73*01_S3636	1	75	76	99	100	150	151	174	175	288	VH	0
IGHV3-73*01_S6942	1	75	76	99	100	150	151	174	175	288	VH	0
IGHV3-73*02	1	75	76	99	100	150	151	174	175	288	VH	0
IGHV3-73*02_S0085	1	75	76	99	100	150	151	174	175	288	VH	0
IGHV3-73*02_S3937	1	75	76	99	100	150	151	174	175	288	VH	0
IGHV3-73*02_S4412	1	75	76	99	100	150	151	174	175	288	VH	0
IGHV3-73*02_S5005	1	75	76	99	100	150	151	174	175	288	VH	0
IGHV3-73*02_S7884	1	75	76	99	100	150	151	174	175	288	VH	0
IGHV3-73*02_S7955	1	75	76	99	100	150	151	174	175	288	VH	0
IGHV3-73*02_S8830	1	75	76	99	100	150	151	174	175	288	VH	0
IGHV3-76*01	1	75	76	99	100	150	151	174	175	288	VH	0
IGHV3-76*01_S0794	1	75	76	99	100	150	151	174	175	288	VH	0
IGHV3-76*01_S4285	1	75	76	99	100	150	151	174	175	288	VH	0
IGHV3-76*01_S5420	1	75	76	99	100	150	151	174	175	288	VH	0
IGHV3-76*01_S6599	1	75	76	99	100	150	151	174	175	288	VH	0
IGHV3-76*02_S2075	1	75	76	99	100	150	151	171	172	285	VH	0
IGHV3-76*02_S4190	1	75	76	99	100	150	151	171	172	285	VH	0
IGHV3-83*01	1	75	76	99	100	150	151	177	178	291	VH	0
IGHV3-83*01_S5932	1	75	76	99	100	150	151	177	178	291	VH	0
IGHV3-83*01_S9109	1	75	76	99	100	150	151	174	175	288	VH	0
IGHV3-83*02	1	75	76	99	100	150	151	177	178	291	VH	0
IGHV3-83*02_S2462	1	75	76	99	100	150	151	177	178	291	VH	0
IGHV3-83*02_S9518	1	75	76	99	100	150	151	177	178	291	VH	0
IGHV3-87*01	1	75	76	99	100	150	151	174	175	288	VH	0
IGHV3-87*01_S6311	1	75	76	99	100	150	151	174	175	288	VH	0
IGHV3-88*01	1	75	76	99	100	150	151	180	181	294	VH	0
IGHV3-88*01_S1523	1	75	76	99	100	150	151	180	181	294	VH	0
IGHV3-88*01_S4297	1	75	76	99	100	150	151	180	181	294	VH	0
IGHV3-88*01_S6384	1	75	76	99	100	150	151	180	181	294	VH	0
IGHV3-88*01_S6871	1	75	76	99	100	150	151	180	181	294	VH	0
IGHV3-88*01_S9155	1	75	76	99	100	150	151	180	181	294	VH	0
IGHV3-88*01_S9315	1	75	76	99	100	150	151	180	181	294	VH	0
IGHV3-88*01_S9470	1	75	76	99	100	150	151	180	181	294	VH	0
IGHV3-88*02_S1355	1	75	76	99	100	150	151	180	181	294	VH	0
IGHV3-88*02_S3953	1	75	76	99	100	150	151	180	181	294	VH	0
IGHV3-88*02_S5187	1	75	76	99	100	150	151	180	181	294	VH	0
IGHV3-88*02_S5672	1	75	76	99	100	150	151	180	181	294	VH	0
IGHV3-88*02_S7485	1	75	76	99	100	150	151	180	181	294	VH	0
IGHV3-88*02_S7590	1	75	76	99	100	150	151	180	181	294	VH	0
IGHV3-88*02_S7929	1	75	76	99	100	150	151	180	181	294	VH	0
IGHV3-88*02_S9033	1	75	76	99	100	150	151	180	181	294	VH	0
IGHV3-88*02_S9774	1	75	76	99	100	150	151	180	181	294	VH	0
IGHV3-9*01	1	75	76	99	100	150	151	180	181	294	VH	0
IGHV3-9*01_S0778	1	75	76	99	100	150	151	180	181	294	VH	0
IGHV3-9*01_S4754	1	75	76	99	100	150	151	180	181	294	VH	0
IGHV3-9*01_S5797	1	75	76	99	100	150	151	180	181	294	VH	0
IGHV3-9*01_S7896	1	75	76	99	100	150	151	180	181	294	VH	0
IGHV3-9*01_S8326	1	75	76	99	100	150	151	180	181	294	VH	0
IGHV3-9*01_S8777	1	75	76	99	100	150	151	180	181	294	VH	0
IGHV3-9*02	1	75	76	99	100	150	151	180	181	294	VH	0
IGHV3-94*01	1	75	76	99	100	150	151	174	175	288	VH	0
IGHV3-94*01_S3427	1	75	76	99	100	150	151	174	175	288	VH	0
IGHV3-94*01_S4458	1	75	76	99	100	150	151	174	175	288	VH	0
IGHV3-94*01_S5120	1	75	76	99	100	150	151	174	175	288	VH	0
IGHV3-94*01_S7982	1	75	76	99	100	150	151	174	175	288	VH	0
IGHV3-NL_1*01_S1080	1	75	76	99	100	150	151	174	175	288	VH	0
IGHV3-NL_1*01_S2031	1	75	76	99	100	150	151	174	175	288	VH	0
IGHV3-NL_1*01_S2788	1	75	76	99	100	150	151	174	175	288	VH	0
IGHV3-NL_1*01_S3947	1	75	76	99	100	150	151	174	175	288	VH	0
IGHV3-NL_1*01_S4331	1	75	76	99	100	150	151	174	175	288	VH	0
IGHV3-NL_1*01_S4549	1	75	76	99	100	150	151	174	175	288	VH	0
IGHV3-NL_1*01_S5238	1	75	76	99	100	150	151	174	175	288	VH	0
IGHV3-NL_1*01_S9422	1	75	76	99	100	150	151	174	175	288	VH	0
IGHV3-NL_1*01_S9854	1	75	76	99	100	150	151	174	175	288	VH	0
IGHV3-NL_10*02_S1970	1	75	76	99	100	150	151	174	175	288	VH	0
IGHV3-NL_10*02_S2212	1	75	76	99	100	150	151	174	175	288	VH	0
IGHV3-NL_11*01_S2687	1	75	76	99	100	150	151	174	175	288	VH	0
IGHV3-NL_11*01_S3736	1	75	76	99	100	150	151	174	175	288	VH	0
IGHV3-NL_11*01_S4619	1	75	76	99	100	150	151	174	175	288	VH	0
IGHV3-NL_11*01_S5714	1	75	76	99	100	150	151	174	175	288	VH	0
IGHV3-NL_11*01_S6390	1	75	76	99	100	150	151	174	175	288	VH	0
IGHV3-NL_11*01_S8390	1	75	76	99	100	150	151	174	175	288	VH	0
IGHV3-NL_11*01_S8458	1	75	76	99	100	150	151	174	175	288	VH	0
IGHV3-NL_11*01_S8670	1	75	76	99	100	150	151	174	175	288	VH	0
IGHV3-NL_11*01_S9627	1	75	76	99	100	150	151	174	175	288	VH	0
IGHV3-NL_11*02_S2668	1	75	76	99	100	150	151	174	175	288	VH	0
IGHV3-NL_12*02_S1760	1	75	76	99	100	150	151	180	181	294	VH	0
IGHV3-NL_12*02_S2468	1	75	76	99	100	150	151	180	181	294	VH	0
IGHV3-NL_12*02_S5864	1	75	76	99	100	150	151	180	181	294	VH	0
IGHV3-NL_12*02_S6994	1	75	76	99	100	150	151	180	181	294	VH	0
IGHV3-NL_13*01_S2791	1	75	76	99	100	150	151	171	172	285	VH	0
IGHV3-NL_13*01_S3277	1	75	76	99	100	150	151	171	172	285	VH	0
IGHV3-NL_13*01_S3940	1	75	76	99	100	150	151	171	172	285	VH	0
IGHV3-NL_13*01_S5549	1	75	76	99	100	150	151	171	172	285	VH	0
IGHV3-NL_13*01_S5767	1	75	76	99	100	150	151	171	172	285	VH	0
IGHV3-NL_14*01_S0218	1	75	76	99	100	150	151	174	175	288	VH	0
IGHV3-NL_14*01_S0721	1	75	76	99	100	150	151	174	175	288	VH	0
IGHV3-NL_14*01_S1113	1	75	76	99	100	150	151	174	175	288	VH	0
IGHV3-NL_14*01_S1995	1	75	76	99	100	150	151	174	175	288	VH	0
IGHV3-NL_14*01_S4949	1	75	76	99	100	150	151	174	175	288	VH	0
IGHV3-NL_14*01_S6089	1	75	76	99	100	150	151	174	175	288	VH	0
IGHV3-NL_14*01_S6338	1	75	76	99	100	150	151	174	175	288	VH	0
IGHV3-NL_14*01_S7643	1	75	76	99	100	150	151	174	175	288	VH	0
IGHV3-NL_14*01_S7988	1	75	76	99	100	150	151	174	175	288	VH	0
IGHV3-NL_14*01_S8830	1	75	76	99	100	150	151	174	175	288	VH	0
IGHV3-NL_14*01_S9303	1	75	76	99	100	150	151	174	175	288	VH	0
IGHV3-NL_14*01_S9823	1	75	76	99	100	150	151	174	175	288	VH	0
IGHV3-NL_15*01_S0604	1	75	76	99	100	150	151	174	175	288	VH	0
IGHV3-NL_15*01_S2828	1	75	76	99	100	150	151	174	175	288	VH	0
IGHV3-NL_15*01_S3018	1	75	76	99	100	150	151	174	175	288	VH	0
IGHV3-NL_15*01_S4749	1	75	76	99	100	150	151	174	175	288	VH	0
IGHV3-NL_15*01_S5125	1	75	76	99	100	150	151	174	175	288	VH	0
IGHV3-NL_15*01_S7302	1	75	76	99	100	150	151	174	175	288	VH	0
IGHV3-NL_16*01_S5133	1	75	76	99	100	150	151	174	175	288	VH	0
IGHV3-NL_16*01_S8234	1	75	76	99	100	150	151	174	175	288	VH	0
IGHV3-NL_17*01_S0507	1	75	76	99	100	150	151	180	181	294	VH	0
IGHV3-NL_17*01_S1160	1	75	76	99	100	150	151	180	181	294	VH	0
IGHV3-NL_17*01_S3909	1	75	76	99	100	150	151	180	181	294	VH	0
IGHV3-NL_17*01_S4250	1	75	76	99	100	150	151	180	181	294	VH	0
IGHV3-NL_17*01_S4257	1	75	76	99	100	150	151	180	181	294	VH	0
IGHV3-NL_17*01_S4736	1	75	76	99	100	150	151	180	181	294	VH	0
IGHV3-NL_17*01_S5770	1	75	76	99	100	150	151	180	181	294	VH	0
IGHV3-NL_17*01_S6544	1	75	76	99	100	150	151	180	181	294	VH	0
IGHV3-NL_17*01_S8244	1	75	76	99	100	150	151	180	181	294	VH	0
IGHV3-NL_17*01_S9589	1	75	76	99	100	150	151	180	181	294	VH	0
IGHV3-NL_18*01_S0984	1	75	76	99	100	150	151	180	181	294	VH	0
IGHV3-NL_18*01_S3867	1	75	76	99	100	150	151	180	181	294	VH	0
IGHV3-NL_18*01_S5825	1	75	76	99	100	150	151	180	181	294	VH	0
IGHV3-NL_18*01_S6383	1	75	76	99	100	150	151	180	181	294	VH	0
IGHV3-NL_18*01_S7053	1	75	76	99	100	150	151	180	181	294	VH	0
IGHV3-NL_19*01_S2472	1	75	76	99	100	150	151	180	181	294	VH	0
IGHV3-NL_19*01_S4000	1	75	76	99	100	150	151	180	181	294	VH	0
IGHV3-NL_19*01_S5168	1	75	76	99	100	150	151	180	181	294	VH	0
IGHV3-NL_19*01_S5460	1	75	76	99	100	150	151	180	181	294	VH	0
IGHV3-NL_19*01_S6635	1	75	76	99	100	150	151	180	181	294	VH	0
IGHV3-NL_19*01_S6894	1	75	76	99	100	150	151	180	181	294	VH	0
IGHV3-NL_19*01_S7515	1	75	76	99	100	150	151	180	181	294	VH	0
IGHV3-NL_19*01_S9323	1	75	76	99	100	150	151	180	181	294	VH	0
IGHV3-NL_2*01_S1693	1	75	76	99	100	150	151	174	175	288	VH	0
IGHV3-NL_2*01_S3900	1	75	76	99	100	150	151	174	175	288	VH	0
IGHV3-NL_2*01_S5884	1	75	76	99	100	150	151	174	175	288	VH	0
IGHV3-NL_2*01_S6117	1	75	76	99	100	150	151	174	175	288	VH	0
IGHV3-NL_4*01_S0257	1	75	76	99	100	150	151	174	175	288	VH	0
IGHV3-NL_4*01_S2727	1	75	76	99	100	150	151	174	175	288	VH	0
IGHV3-NL_4*01_S6405	1	75	76	99	100	150	151	174	175	288	VH	0
IGHV3-NL_4*01_S9067	1	75	76	99	100	150	151	174	175	288	VH	0
IGHV3-NL_4*01_S9392	1	75	76	99	100	150	151	174	175	288	VH	0
IGHV3-NL_4*01_S9635	1	75	76	99	100	150	151	174	175	288	VH	0
IGHV3-NL_5*01_S8361	1	75	76	99	100	150	151	180	181	294	VH	0
IGHV3-NL_6*02_S7808	1	75	76	99	100	150	151	174	175	288	VH	0
IGHV3-NL_7*01_S0199	1	75	76	99	100	150	151	174	175	288	VH	0
IGHV3-NL_8*01_S7860	1	75	76	99	100	150	151	174	175	288	VH	0
IGHV3-NL_8*01_S9578	1	75	76	99	100	150	151	174	175	288	VH	0
IGHV3-NL_8*01_S7474	1	75	76	99	100	150	151	174	175	288	VH	0
IGHV3-NL_9*01_S6098	1	75	76	99	100	150	151	174	175	288	VH	0
IGHV4-117*01	1	75	76	99	100	150	151	174	175	288	VH	0
IGHV4-117*01_S0201	1	75	76	102	103	153	154	177	178	291	VH	0
IGHV4-117*01_S0312	1	75	76	99	100	150	151	174	175	288	VH	0
IGHV4-117*01_S0333	1	75	76	99	100	150	151	174	175	288	VH	0
IGHV4-117*01_S0992	1	75	76	102	103	153	154	177	178	291	VH	0
IGHV4-117*01_S1924	1	75	76	99	100	150	151	174	175	288	VH	0
IGHV4-117*01_S2204	1	75	76	99	100	150	151	174	175	288	VH	0
IGHV4-117*01_S2932	1	75	76	99	100	150	151	174	175	288	VH	0
IGHV4-117*01_S3225	1	75	76	99	100	150	151	174	175	288	VH	0
IGHV4-117*01_S3417	1	75	76	99	100	150	151	174	175	288	VH	0
IGHV4-117*01_S3779	1	75	76	102	103	153	154	177	178	291	VH	0
IGHV4-117*01_S4879	1	75	76	99	100	150	151	174	175	288	VH	0
IGHV4-117*01_S4901	1	75	76	99	100	150	151	174	175	288	VH	0
IGHV4-117*01_S5807	1	75	76	99	100	150	151	174	175	288	VH	0
IGHV4-117*01_S5847	1	75	76	99	100	150	151	174	175	288	VH	0
IGHV4-117*01_S6342	1	75	76	99	100	150	151	174	175	288	VH	0
IGHV4-117*01_S6852	1	75	76	99	100	150	151	174	175	288	VH	0
IGHV4-117*01_S8404	1	75	76	99	100	150	151	174	175	288	VH	0
IGHV4-144*01	1	75	76	102	103	153	154	177	178	291	VH	0
IGHV4-144*01_S2055	1	75	76	102	103	153	154	177	178	291	VH	0
IGHV4-144*01_S2372	1	75	76	102	103	153	154	177	178	291	VH	0
IGHV4-144*01_S2658	1	75	76	102	103	153	154	177	178	291	VH	0
IGHV4-144*01_S3008	1	75	76	99	100	150	151	174	175	288	VH	0
IGHV4-144*01_S3064	1	75	76	102	103	153	154	177	178	291	VH	0
IGHV4-144*01_S3113	1	75	76	102	103	153	154	177	178	291	VH	0
IGHV4-144*01_S3676	1	75	76	102	103	153	154	177	178	291	VH	0
IGHV4-144*01_S4873	1	75	76	99	100	150	151	174	175	288	VH	0
IGHV4-144*01_S5374	1	75	76	102	103	153	154	177	178	291	VH	0
IGHV4-144*01_S7342	1	75	76	102	103	153	154	177	178	291	VH	0
IGHV4-144*01_S8596	1	75	76	102	103	153	154	177	178	291	VH	0
IGHV4-144*01_S9923	1	75	76	102	103	153	154	177	178	291	VH	0
IGHV4-144*02	1	75	76	102	103	153	154	177	178	291	VH	0
IGHV4-149*01_S0794	1	75	76	99	100	150	151	174	175	288	VH	0
IGHV4-149*01_S1166	1	75	76	99	100	150	151	174	175	288	VH	0
IGHV4-149*01_S1430	1	75	76	99	100	150	151	174	175	288	VH	0
IGHV4-149*01_S1992	1	75	76	99	100	150	151	174	175	288	VH	0
IGHV4-149*01_S2001	1	75	76	99	100	150	151	174	175	288	VH	0
IGHV4-149*01_S3418	1	75	76	99	100	150	151	174	175	288	VH	0
IGHV4-149*01_S3573	1	75	76	99	100	150	151	174	175	288	VH	0
IGHV4-149*01_S4098	1	75	76	99	100	150	151	174	175	288	VH	0
IGHV4-149*01_S5300	1	75	76	99	100	150	151	174	175	288	VH	0
IGHV4-149*01_S5636	1	75	76	99	100	150	151	174	175	288	VH	0
IGHV4-149*01_S5861	1	75	76	99	100	150	151	174	175	288	VH	0
IGHV4-149*01_S6502	1	75	76	99	100	150	151	174	175	288	VH	0
IGHV4-149*01_S7944	1	75	76	99	100	150	151	174	175	288	VH	0
IGHV4-149*01_S8005	1	75	76	99	100	150	151	174	175	288	VH	0
IGHV4-149*01_S8526	1	75	76	99	100	150	151	174	175	288	VH	0
IGHV4-149*01_S9484	1	75	76	99	100	150	151	174	175	288	VH	0
IGHV4-149*01_S9613	1	75	76	99	100	150	151	174	175	288	VH	0
IGHV4-149*02_S6878	1	75	76	102	103	153	154	177	178	291	VH	0
IGHV4-149*02_S8521	1	75	76	102	103	153	154	177	178	291	VH	0
IGHV4-150*01	1	75	76	99	100	150	151	174	175	288	VH	0
IGHV4-150*01_S0749	1	75	76	99	100	150	151	174	175	288	VH	0
IGHV4-150*01_S1822	1	75	76	99	100	150	151	174	175	288	VH	0
IGHV4-150*01_S1985	1	75	76	99	100	150	151	174	175	288	VH	0
IGHV4-150*01_S2067	1	75	76	99	100	150	151	174	175	288	VH	0
IGHV4-150*01_S2344	1	75	76	102	103	153	154	177	178	291	VH	0
IGHV4-150*01_S5542	1	75	76	99	100	150	151	174	175	288	VH	0
IGHV4-150*01_S6885	1	75	76	99	100	150	151	174	175	288	VH	0
IGHV4-150*01_S8038	1	75	76	99	100	150	151	174	175	288	VH	0
IGHV4-150*01_S8107	1	75	76	99	100	150	151	174	175	288	VH	0
IGHV4-150*01_S9374	1	75	76	99	100	150	151	174	175	288	VH	0
IGHV4-150*01_S9891	1	75	76	99	100	150	151	174	175	288	VH	0
IGHV4-174*01	1	75	76	99	100	150	151	174	175	288	VH	0
IGHV4-174*02	1	75	76	99	100	150	151	174	175	288	VH	0
IGHV4-174*02_S3984	1	75	76	99	100	150	151	174	175	288	VH	0
IGHV4-174*02_S5400	1	75	76	99	100	150	151	174	175	288	VH	0
IGHV4-67*01	1	75	76	102	103	153	154	177	178	291	VH	0
IGHV4-67*01_S0439	1	75	76	99	100	150	151	174	175	288	VH	0
IGHV4-67*01_S4509	1	75	76	102	103	153	154	177	178	291	VH	0
IGHV4-67*01_S6131	1	75	76	99	100	150	151	174	175	288	VH	0
IGHV4-67*01_S8827	1	75	76	102	103	153	154	177	178	291	VH	0
IGHV4-67*01_S8901	1	75	76	102	103	153	154	177	178	291	VH	0
IGHV4-67*02	1	75	76	102	103	153	154	177	178	291	VH	0
IGHV4-67*02_S6848	1	75	76	102	103	153	154	177	178	291	VH	0
IGHV4-67*02_S7550	1	75	76	102	103	153	154	177	178	291	VH	0
IGHV4-67*02_S8103	1	75	76	102	103	153	154	177	178	291	VH	0
IGHV4-67*02_S8671	1	75	76	102	103	153	154	177	178	291	VH	0
IGHV4-67*02_S8878	1	75	76	102	103	153	154	177	178	291	VH	0
IGHV4-72*01	1	75	76	102	103	153	154	177	178	291	VH	0
IGHV4-72*01_S1622	1	75	76	102	103	153	154	177	178	291	VH	0
IGHV4-72*01_S2051	1	75	76	102	103	153	154	177	178	291	VH	0
IGHV4-72*01_S8261	1	75	76	102	103	153	154	177	178	291	VH	0
IGHV4-79*01	1	75	76	102	103	153	154	177	178	291	VH	0
IGHV4-79*01_S1478	1	75	76	102	103	153	154	177	178	291	VH	0
IGHV4-79*02_S9501	1	75	76	99	100	150	151	174	175	288	VH	0
IGHV4-93*01	1	75	76	105	106	156	157	177	178	291	VH	0
IGHV4-93*01_S0054	1	75	76	103	104	153	154	174	175	288	VH	0
IGHV4-93*01_S0171	1	75	76	99	100	150	151	171	172	285	VH	0
IGHV4-93*01_S0998	1	75	76	105	106	156	157	177	178	291	VH	0
IGHV4-93*01_S1164	1	75	76	102	103	153	154	174	175	288	VH	0
IGHV4-93*01_S5203	1	75	76	105	106	156	157	177	178	291	VH	0
IGHV4-93*01_S6528	1	75	76	105	106	156	157	177	178	291	VH	0
IGHV4-93*01_S8059	1	75	76	99	100	150	151	171	172	285	VH	0
IGHV4-NL_1*01_S0419	1	75	76	99	100	150	151	177	178	291	VH	0
IGHV4-NL_1*01_S0477	1	75	76	99	100	150	151	174	175	288	VH	0
IGHV4-NL_1*01_S0689	1	75	76	99	100	150	151	174	175	288	VH	0
IGHV4-NL_1*01_S0860	1	75	76	99	100	150	151	174	175	288	VH	0
IGHV4-NL_1*01_S1134	1	75	76	99	100	150	151	171	172	285	VH	0
IGHV4-NL_1*01_S1456	1	75	76	99	100	150	151	174	175	288	VH	0
IGHV4-NL_1*01_S1593	1	75	76	99	100	150	151	174	175	288	VH	0
IGHV4-NL_1*01_S1908	1	75	76	99	100	150	151	174	175	288	VH	0
IGHV4-NL_1*01_S2370	1	75	76	99	100	150	151	174	175	288	VH	0
IGHV4-NL_1*01_S2710	1	75	76	99	100	150	151	177	178	291	VH	0
IGHV4-NL_1*01_S4155	1	75	76	99	100	150	151	174	175	288	VH	0
IGHV4-NL_1*01_S4750	1	75	76	99	100	150	151	174	175	288	VH	0
IGHV4-NL_1*01_S5296	1	75	76	99	100	150	151	174	175	288	VH	0
IGHV4-NL_1*01_S5424	1	75	76	99	100	150	151	174	175	288	VH	0
IGHV4-NL_1*01_S5917	1	75	76	99	100	150	151	174	175	288	VH	0
IGHV4-NL_1*01_S7240	1	75	76	99	100	150	151	174	175	288	VH	0
IGHV4-NL_1*01_S7297	1	75	76	99	100	150	151	174	175	288	VH	0
IGHV4-NL_1*01_S8446	1	75	76	99	100	150	151	174	175	288	VH	0
IGHV4-NL_1*01_S8621	1	75	76	99	100	150	151	174	175	288	VH	0
IGHV4-NL_1*01_S8720	1	75	76	99	100	150	151	174	175	288	VH	0
IGHV4-NL_1*01_S9290	1	75	76	99	100	150	151	174	175	288	VH	0
IGHV4-NL_1*01_S9508	1	75	76	99	100	150	151	174	175	288	VH	0
IGHV4-NL_1*02_S1702	1	75	76	99	100	150	151	171	172	285	VH	0
IGHV4-NL_1*02_S1777	1	75	76	99	100	150	151	171	172	285	VH	0
IGHV4-NL_1*02_S1821	1	75	76	99	100	150	151	174	175	288	VH	0
IGHV4-NL_1*02_S2070	1	75	76	99	100	150	151	171	172	285	VH	0
IGHV4-NL_1*02_S2275	1	75	76	99	100	150	151	174	175	288	VH	0
IGHV4-NL_1*02_S2524	1	75	76	99	100	150	151	174	175	288	VH	0
IGHV4-NL_1*02_S3654	1	75	76	99	100	150	151	174	175	288	VH	0
IGHV4-NL_1*02_S4188	1	75	76	99	100	150	151	171	172	285	VH	0
IGHV4-NL_1*02_S4582	1	75	76	99	100	150	151	174	175	288	VH	0
IGHV4-NL_1*02_S5113	1	75	76	99	100	150	151	171	172	285	VH	0
IGHV4-NL_1*02_S5220	1	75	76	99	100	150	151	171	172	285	VH	0
IGHV4-NL_1*02_S8056	1	75	76	99	100	150	151	174	175	288	VH	0
IGHV4-NL_1*02_S8887	1	75	76	99	100	150	151	174	175	288	VH	0
IGHV4-NL_1*02_S8977	1	75	76	99	100	150	151	174	175	288	VH	0
IGHV4-NL_10*01_S0458	1	75	76	99	100	150	151	171	172	285	VH	0
IGHV4-NL_10*01_S6744	1	75	76	99	100	150	151	171	172	285	VH	0
IGHV4-NL_10*01_S7684	1	75	76	99	100	150	151	171	172	285	VH	0
IGHV4-NL_10*02_S9348	1	75	76	99	100	150	151	171	172	285	VH	0
IGHV4-NL_11*01_S0325	1	75	76	102	103	153	154	177	178	291	VH	0
IGHV4-NL_11*01_S4651	1	75	76	102	103	153	154	177	178	291	VH	0
IGHV4-NL_11*01_S5570	1	75	76	99	100	150	151	174	175	288	VH	0
IGHV4-NL_11*01_S9942	1	75	76	102	103	153	154	177	178	291	VH	0
IGHV4-NL_12*01_S5174	1	75	76	102	103	153	154	177	178	291	VH	0
IGHV4-NL_12*01_S8068	1	75	76	102	103	153	154	177	178	291	VH	0
IGHV4-NL_13*01_S9624	1	75	76	105	106	156	157	177	178	291	VH	0
IGHV4-NL_13*01_S9744	1	75	76	105	106	156	157	177	178	291	VH	0
IGHV4-NL_15*01_S5717	1	75	76	103	104	153	154	174	175	288	VH	0
IGHV4-NL_15*01_S7687	1	75	76	103	104	153	154	174	175	288	VH	0
IGHV4-NL_16*01_S2138	1	75	76	102	103	153	154	177	178	291	VH	0
IGHV4-NL_16*01_S2324	1	75	76	102	103	153	154	177	178	291	VH	0
IGHV4-NL_16*01_S3062	1	75	76	102	103	153	154	177	178	291	VH	0
IGHV4-NL_16*01_S3640	1	75	76	102	103	153	154	177	178	291	VH	0
IGHV4-NL_17*01_S0904	1	75	76	102	103	153	154	177	178	291	VH	0
IGHV4-NL_17*01_S0936	1	75	76	105	106	156	157	180	181	294	VH	0
IGHV4-NL_17*01_S2080	1	75	76	102	103	153	154	177	178	291	VH	0
IGHV4-NL_17*01_S2142	1	75	76	105	106	156	157	180	181	294	VH	0
IGHV4-NL_17*01_S2333	1	75	76	105	106	156	157	180	181	294	VH	0
IGHV4-NL_17*01_S2469	1	75	76	105	106	156	157	180	181	294	VH	0
IGHV4-NL_17*01_S2814	1	75	76	103	104	153	154	177	178	291	VH	0
IGHV4-NL_17*01_S3082	1	75	76	105	106	156	157	180	181	294	VH	0
IGHV4-NL_17*01_S4004	1	75	76	102	103	153	154	177	178	291	VH	0
IGHV4-NL_17*01_S4099	1	75	76	105	106	156	157	180	181	294	VH	0
IGHV4-NL_17*01_S4839	1	75	76	103	104	153	154	177	178	291	VH	0
IGHV4-NL_17*01_S4954	1	75	76	103	104	153	154	177	178	291	VH	0
IGHV4-NL_17*01_S5431	1	75	76	103	104	153	154	177	178	291	VH	0
IGHV4-NL_17*01_S6727	1	75	76	103	104	153	154	177	178	291	VH	0
IGHV4-NL_17*01_S7355	1	75	76	105	106	156	157	180	181	294	VH	0
IGHV4-NL_19*01_S1944	1	75	76	105	106	156	157	180	181	294	VH	0
IGHV4-NL_19*01_S2661	1	75	76	105	106	156	157	180	181	294	VH	0
IGHV4-NL_19*01_S3005	1	75	76	105	106	156	157	180	181	294	VH	0
IGHV4-NL_20*01_S0030	1	75	76	102	103	153	154	177	178	291	VH	0
IGHV4-NL_20*01_S2908	1	75	76	102	103	153	154	177	178	291	VH	0
IGHV4-NL_20*01_S3862	1	75	76	102	103	153	154	177	178	291	VH	0
IGHV4-NL_20*01_S3868	1	75	76	102	103	153	154	177	178	291	VH	0
IGHV4-NL_20*01_S4754	1	75	76	102	103	153	154	177	178	291	VH	0
IGHV4-NL_20*01_S5229	1	75	76	102	103	153	154	177	178	291	VH	0
IGHV4-NL_20*01_S6186	1	75	76	102	103	153	154	177	178	291	VH	0
IGHV4-NL_20*01_S6889	1	75	76	102	103	153	154	177	178	291	VH	0
IGHV4-NL_20*01_S7244	1	75	76	102	103	153	154	177	178	291	VH	0
IGHV4-NL_21*01_S0138	1	75	76	102	103	153	154	177	178	291	VH	0
IGHV4-NL_21*01_S0142	1	75	76	102	103	153	154	177	178	291	VH	0
IGHV4-NL_21*01_S1118	1	75	76	102	103	153	154	177	178	291	VH	0
IGHV4-NL_21*01_S3257	1	75	76	102	103	153	154	177	178	291	VH	0
IGHV4-NL_21*01_S4478	1	75	76	102	103	153	154	177	178	291	VH	0
IGHV4-NL_21*01_S6308	1	75	76	102	103	153	154	177	178	291	VH	0
IGHV4-NL_21*01_S6468	1	75	76	102	103	153	154	177	178	291	VH	0
IGHV4-NL_21*01_S6650	1	75	76	102	103	153	154	177	178	291	VH	0
IGHV4-NL_21*01_S7469	1	75	76	102	103	153	154	177	178	291	VH	0
IGHV4-NL_21*01_S9849	1	75	76	102	103	153	154	177	178	291	VH	0
IGHV4-NL_22*01_S2393	1	75	76	103	104	153	154	177	178	291	VH	0
IGHV4-NL_22*01_S2980	1	75	76	102	103	153	154	177	178	291	VH	0
IGHV4-NL_22*01_S5234	1	75	76	102	103	153	154	177	178	291	VH	0
IGHV4-NL_22*01_S6977	1	75	76	102	103	153	154	177	178	291	VH	0
IGHV4-NL_22*01_S9255	1	75	76	102	103	153	154	177	178	291	VH	0
IGHV4-NL_23*01_S1296	1	75	76	102	103	153	154	177	178	291	VH	0
IGHV4-NL_23*01_S4212	1	75	76	102	103	153	154	177	178	291	VH	0
IGHV4-NL_23*01_S6914	1	75	76	102	103	153	154	177	178	291	VH	0
IGHV4-NL_23*01_S7000	1	75	76	102	103	153	154	177	178	291	VH	0
IGHV4-NL_23*01_S7678	1	75	76	102	103	153	154	177	178	291	VH	0
IGHV4-NL_24*01_S0809	1	75	76	102	103	153	154	177	178	291	VH	0
IGHV4-NL_24*01_S1628	1	75	76	102	103	153	154	177	178	291	VH	0
IGHV4-NL_24*01_S2784	1	75	76	102	103	153	154	177	178	291	VH	0
IGHV4-NL_24*01_S5697	1	75	76	102	103	153	154	177	178	291	VH	0
IGHV4-NL_24*01_S7468	1	75	76	102	103	153	154	177	178	291	VH	0
IGHV4-NL_24*01_S7595	1	75	76	102	103	153	154	177	178	291	VH	0
IGHV4-NL_24*01_S8809	1	75	76	102	103	153	154	177	178	291	VH	0
IGHV4-NL_24*01_S9400	1	75	76	102	103	153	154	177	178	291	VH	0
IGHV4-NL_25*01_S0581	1	75	76	102	103	153	154	177	178	291	VH	0
IGHV4-NL_25*01_S2780	1	75	76	102	103	153	154	177	178	291	VH	0
IGHV4-NL_25*01_S6200	1	75	76	102	103	153	154	177	178	291	VH	0
IGHV4-NL_25*01_S6383	1	75	76	102	103	153	154	177	178	291	VH	0
IGHV4-NL_25*01_S6604	1	75	76	102	103	153	154	177	178	291	VH	0
IGHV4-NL_25*01_S6960	1	75	76	102	103	153	154	177	178	291	VH	0
IGHV4-NL_25*01_S8389	1	75	76	102	103	153	154	177	178	291	VH	0
IGHV4-NL_25*01_S8575	1	75	76	102	103	153	154	177	178	291	VH	0
IGHV4-NL_25*01_S9478	1	75	76	102	103	153	154	177	178	291	VH	0
IGHV4-NL_25*01_S9955	1	75	76	102	103	153	154	177	178	291	VH	0
IGHV4-NL_26*01_S2261	1	75	76	102	103	153	154	177	178	291	VH	0
IGHV4-NL_27*01_S0673	1	75	76	99	100	150	151	174	175	288	VH	0
IGHV4-NL_27*01_S1458	1	75	76	102	103	153	154	177	178	291	VH	0
IGHV4-NL_27*01_S2822	1	75	76	102	103	153	154	177	178	291	VH	0
IGHV4-NL_27*01_S2979	1	75	76	102	103	153	154	177	178	291	VH	0
IGHV4-NL_27*01_S3198	1	75	76	102	103	153	154	177	178	291	VH	0
IGHV4-NL_27*01_S3510	1	75	76	103	104	153	154	174	175	288	VH	0
IGHV4-NL_27*01_S4348	1	75	76	102	103	153	154	177	178	291	VH	0
IGHV4-NL_27*01_S5151	1	75	76	102	103	153	154	177	178	291	VH	0
IGHV4-NL_27*01_S5706	1	75	76	102	103	153	154	177	178	291	VH	0
IGHV4-NL_27*01_S5720	1	75	76	102	103	153	154	177	178	291	VH	0
IGHV4-NL_27*01_S5829	1	75	76	102	103	153	154	177	178	291	VH	0
IGHV4-NL_27*01_S6960	1	75	76	99	100	150	151	174	175	288	VH	0
IGHV4-NL_27*01_S7150	1	75	76	102	103	153	154	177	178	291	VH	0
IGHV4-NL_27*01_S7431	1	75	76	99	100	150	151	174	175	288	VH	0
IGHV4-NL_27*01_S7643	1	75	76	102	103	153	154	177	178	291	VH	0
IGHV4-NL_27*01_S7871	1	75	76	99	100	150	151	174	175	288	VH	0
IGHV4-NL_27*01_S9001	1	75	76	99	100	150	151	174	175	288	VH	0
IGHV4-NL_27*01_S9596	1	75	76	102	103	153	154	174	175	288	VH	0
IGHV4-NL_28*01_S1050	1	75	76	99	100	150	151	171	172	285	VH	0
IGHV4-NL_28*01_S2610	1	75	76	99	100	150	151	171	172	285	VH	0
IGHV4-NL_28*01_S8057	1	75	76	99	100	150	151	171	172	285	VH	0
IGHV4-NL_29*01_S1425	1	75	76	99	100	150	151	174	175	288	VH	0
IGHV4-NL_29*01_S3018	1	75	76	99	100	150	151	174	175	288	VH	0
IGHV4-NL_29*01_S3761	1	75	76	99	100	150	151	174	175	288	VH	0
IGHV4-NL_29*01_S5315	1	75	76	99	100	150	151	174	175	288	VH	0
IGHV4-NL_29*01_S9610	1	75	76	99	100	150	151	174	175	288	VH	0
IGHV4-NL_29*01_S9965	1	75	76	99	100	150	151	174	175	288	VH	0
IGHV4-NL_3*01_S1577	1	75	76	102	103	153	154	177	178	291	VH	0
IGHV4-NL_3*01_S7576	1	75	76	102	103	153	154	177	178	291	VH	0
IGHV4-NL_3*01_S7864	1	75	76	102	103	153	154	177	178	291	VH	0
IGHV4-NL_30*01_S4251	1	75	76	99	100	150	151	171	172	285	VH	0
IGHV4-NL_31*01_S1675	1	75	76	99	100	150	151	174	175	288	VH	0
IGHV4-NL_31*01_S7693	1	75	76	99	100	150	151	174	175	288	VH	0
IGHV4-NL_32*01_S3033	1	75	76	99	100	150	151	174	175	288	VH	0
IGHV4-NL_33*01_S1148	1	75	76	102	103	153	154	177	178	291	VH	0
IGHV4-NL_33*01_S2532	1	75	76	102	103	153	154	177	178	291	VH	0
IGHV4-NL_33*01_S3086	1	75	76	102	103	153	154	177	178	291	VH	0
IGHV4-NL_33*01_S4143	1	75	76	102	103	153	154	177	178	291	VH	0
IGHV4-NL_33*01_S4377	1	75	76	102	103	153	154	177	178	291	VH	0
IGHV4-NL_33*01_S4467	1	75	76	102	103	153	154	177	178	291	VH	0
IGHV4-NL_33*01_S5330	1	75	76	102	103	153	154	177	178	291	VH	0
IGHV4-NL_33*01_S5535	1	75	76	102	103	153	154	177	178	291	VH	0
IGHV4-NL_33*01_S6730	1	75	76	102	103	153	154	177	178	291	VH	0
IGHV4-NL_33*01_S8127	1	75	76	102	103	153	154	177	178	291	VH	0
IGHV4-NL_33*01_S9428	1	75	76	99	100	150	151	174	175	288	VH	0
IGHV4-NL_34*01_S4637	1	75	76	102	103	153	154	177	178	291	VH	0
IGHV4-NL_34*01_S4749	1	75	76	102	103	153	154	177	178	291	VH	0
IGHV4-NL_36*01_S0211	1	75	76	99	100	150	151	174	175	288	VH	0
IGHV4-NL_36*01_S0538	1	75	76	99	100	150	151	174	175	288	VH	0
IGHV4-NL_36*01_S0848	1	75	76	99	100	150	151	174	175	288	VH	0
IGHV4-NL_36*01_S0936	1	75	76	99	100	150	151	174	175	288	VH	0
IGHV4-NL_36*01_S3269	1	75	76	99	100	150	151	174	175	288	VH	0
IGHV4-NL_36*01_S3780	1	75	76	99	100	150	151	174	175	288	VH	0
IGHV4-NL_36*01_S5000	1	75	76	99	100	150	151	174	175	288	VH	0
IGHV4-NL_36*01_S5319	1	75	76	99	100	150	151	174	175	288	VH	0
IGHV4-NL_36*01_S5847	1	75	76	99	100	150	151	174	175	288	VH	0
IGHV4-NL_36*01_S6474	1	75	76	99	100	150	151	174	175	288	VH	0
IGHV4-NL_36*01_S6687	1	75	76	99	100	150	151	174	175	288	VH	0
IGHV4-NL_36*01_S6973	1	75	76	99	100	150	151	174	175	288	VH	0
IGHV4-NL_36*01_S7873	1	75	76	99	100	150	151	174	175	288	VH	0
IGHV4-NL_36*01_S8200	1	75	76	99	100	150	151	174	175	288	VH	0
IGHV4-NL_36*01_S9506	1	75	76	99	100	150	151	174	175	288	VH	0
IGHV4-NL_36*01_S9644	1	75	76	99	100	150	151	174	175	288	VH	0
IGHV4-NL_38*01_S0981	1	75	76	102	103	153	154	177	178	291	VH	0
IGHV4-NL_38*01_S2187	1	75	76	102	103	153	154	177	178	291	VH	0
IGHV4-NL_38*01_S5467	1	75	76	100	101	150	151	174	175	288	VH	0
IGHV4-NL_38*01_S6639	1	75	76	100	101	150	151	174	175	288	VH	0
IGHV4-NL_38*01_S6935	1	75	76	102	103	153	154	177	178	291	VH	0
IGHV4-NL_38*01_S6954	1	75	76	102	103	153	154	177	178	291	VH	0
IGHV4-NL_38*01_S8437	1	75	76	102	103	153	154	177	178	291	VH	0
IGHV4-NL_38*01_S9244	1	75	76	102	103	153	154	177	178	291	VH	0
IGHV4-NL_38*01_S9472	1	75	76	102	103	153	154	177	178	291	VH	0
IGHV4-NL_4*01_S5211	1	75	76	99	100	150	151	174	175	288	VH	0
IGHV4-NL_4*01_S8866	1	75	76	102	103	153	154	177	178	291	VH	0
IGHV4-NL_40*01_S0696	1	75	76	99	100	153	154	177	178	291	VH	0
IGHV4-NL_40*01_S0979	1	75	76	102	103	153	154	177	178	291	VH	0
IGHV4-NL_40*01_S5093	1	75	76	99	100	153	154	177	178	291	VH	0
IGHV4-NL_40*01_S6921	1	75	76	99	100	153	154	177	178	291	VH	0
IGHV4-NL_40*01_S9974	1	75	76	99	100	153	154	177	178	291	VH	0
IGHV4-NL_42*01_S3076	1	75	76	99	100	150	151	174	175	288	VH	0
IGHV4-NL_42*01_S3572	1	75	76	99	100	150	151	174	175	288	VH	0
IGHV4-NL_42*01_S3666	1	75	76	99	100	150	151	174	175	288	VH	0
IGHV4-NL_42*01_S6064	1	75	76	99	100	150	151	174	175	288	VH	0
IGHV4-NL_43*01_S4510	1	75	76	102	103	153	154	177	178	291	VH	0
IGHV4-NL_5*01_S0876	1	75	76	99	100	150	151	174	175	288	VH	0
IGHV4-NL_5*01_S1492	1	75	76	99	100	150	151	174	175	288	VH	0
IGHV4-NL_5*01_S2528	1	75	76	99	100	150	151	174	175	288	VH	0
IGHV4-NL_5*01_S2634	1	75	76	102	103	153	154	177	178	291	VH	0
IGHV4-NL_5*01_S4603	1	75	76	99	100	150	151	174	175	288	VH	0
IGHV4-NL_5*01_S5158	1	75	76	99	100	150	151	174	175	288	VH	0
IGHV4-NL_5*01_S5308	1	75	76	105	106	156	157	180	181	294	VH	0
IGHV4-NL_5*01_S5442	1	75	76	102	103	153	154	177	178	291	VH	0
IGHV4-NL_5*01_S6060	1	75	76	99	100	150	151	174	175	288	VH	0
IGHV4-NL_5*01_S6281	1	75	76	99	100	150	151	174	175	288	VH	0
IGHV4-NL_5*01_S7147	1	75	76	99	100	150	151	174	175	288	VH	0
IGHV4-NL_5*01_S8078	1	75	76	99	100	150	151	174	175	288	VH	0
IGHV4-NL_5*01_S8645	1	75	76	99	100	150	151	174	175	288	VH	0
IGHV4-NL_5*01_S8781	1	75	76	99	100	150	151	174	175	288	VH	0
IGHV4-NL_5*01_S8913	1	75	76	102	103	153	154	177	178	291	VH	0
IGHV4-NL_6*01_S0677	1	75	76	102	103	153	154	174	175	288	VH	0
IGHV4-NL_6*01_S1133	1	75	76	99	100	150	151	171	172	285	VH	0
IGHV4-NL_6*01_S4760	1	75	76	99	100	150	151	171	172	285	VH	0
IGHV4-NL_6*01_S5805	1	75	76	99	100	150	151	171	172	285	VH	0
IGHV4-NL_7*02_S0143	1	75	76	99	100	150	151	174	175	288	VH	0
IGHV4-NL_8*02_S1304	1	75	76	99	100	150	151	174	175	288	VH	0
IGHV4-NL_9*01_S1435	1	75	76	99	100	150	151	174	175	288	VH	0
IGHV4-NL_9*01_S2406	1	75	76	99	100	150	151	174	175	288	VH	0
IGHV4-NL_9*01_S3502	1	75	76	99	100	150	151	174	175	288	VH	0
IGHV4-NL_9*01_S4567	1	75	76	102	103	150	151	174	175	288	VH	0
IGHV4-NL_9*01_S4804	1	75	76	99	100	150	151	174	175	288	VH	0
IGHV4-NL_9*01_S4906	1	75	76	99	100	150	151	174	175	288	VH	0
IGHV4-NL_9*01_S4990	1	75	76	102	103	153	154	177	178	291	VH	0
IGHV4-NL_9*01_S6142	1	75	76	99	100	150	151	174	175	288	VH	0
IGHV4-NL_9*01_S6766	1	75	76	99	100	150	151	174	175	288	VH	0
IGHV4-NL_9*01_S9889	1	75	76	99	100	150	151	174	175	288	VH	0
IGHV5-15*01	1	75	76	99	100	150	151	174	175	288	VH	0
IGHV5-15*01_S0203	1	75	76	99	100	150	151	174	175	288	VH	0
IGHV5-15*01_S0308	1	75	76	99	100	150	151	174	175	288	VH	0
IGHV5-15*01_S2502	1	75	76	99	100	150	151	174	175	288	VH	0
IGHV5-15*01_S2952	1	75	76	99	100	150	151	174	175	288	VH	0
IGHV5-15*01_S3383	1	75	76	99	100	150	151	174	175	288	VH	0
IGHV5-15*01_S4790	1	75	76	99	100	150	151	174	175	288	VH	0
IGHV5-15*01_S5299	1	75	76	99	100	150	151	174	175	288	VH	0
IGHV5-15*01_S6979	1	75	76	99	100	150	151	174	175	288	VH	0
IGHV5-15*01_S8661	1	75	76	99	100	150	151	174	175	288	VH	0
IGHV5-15*01_S8725	1	75	76	99	100	150	151	174	175	288	VH	0
IGHV5-15*01_S9061	1	75	76	99	100	150	151	174	175	288	VH	0
IGHV5-157*01	1	75	76	99	100	150	151	174	175	288	VH	0
IGHV5-157*01_S0308	1	75	76	99	100	150	151	174	175	288	VH	0
IGHV5-157*01_S3631	1	75	76	99	100	150	151	174	175	288	VH	0
IGHV5-157*01_S5960	1	75	76	99	100	150	151	174	175	288	VH	0
IGHV5-157*01_S6479	1	75	76	99	100	150	151	174	175	288	VH	0
IGHV5-157*01_S8185	1	75	76	99	100	150	151	174	175	288	VH	0
IGHV5-157*01_S8626	1	75	76	99	100	150	151	174	175	288	VH	0
IGHV5-157*02_S3096	1	75	76	99	100	150	151	174	175	288	VH	0
IGHV5-157*02_S3440	1	75	76	99	100	150	151	174	175	288	VH	0
IGHV5-157*02_S5108	1	75	76	99	100	150	151	174	175	288	VH	0
IGHV5-157*02_S7648	1	75	76	99	100	150	151	174	175	288	VH	0
IGHV5-157*02_S8705	1	75	76	99	100	150	151	174	175	288	VH	0
IGHV6-1*01	1	75	76	105	106	156	157	183	184	297	VH	0
IGHV6-1*02	1	75	76	105	106	156	157	183	184	297	VH	0
IGHV6-1*02_S1768	1	75	76	105	106	156	157	183	184	297	VH	0
IGHV7-135*01	1	75	76	99	100	150	151	174	175	288	VH	0
IGHV7-135*01_S4281	1	75	76	99	100	150	151	174	175	288	VH	0
IGHV7-135*01_S9086	1	75	76	99	100	150	151	174	175	288	VH	0
IGHV7-135*02_S1424	1	75	76	99	100	150	151	174	175	288	VH	0
IGHV7-86*01	1	75	76	99	100	150	151	174	175	288	VH	0
IGHV7-86*01_S0200	1	75	76	99	100	150	151	174	175	288	VH	0
IGHV7-86*01_S0351	1	75	76	99	100	150	151	174	175	288	VH	0
IGHV7-86*01_S0772	1	75	76	99	100	150	151	174	175	288	VH	0
IGHV7-86*01_S2268	1	75	76	99	100	150	151	174	175	288	VH	0
IGHV7-86*01_S3594	1	75	76	99	100	150	151	174	175	288	VH	0
IGHV7-86*01_S3619	1	75	76	99	100	150	151	174	175	288	VH	0
IGHV7-86*01_S4789	1	75	76	99	100	150	151	174	175	288	VH	0
IGHV7-86*01_S6180	1	75	76	99	100	150	151	174	175	288	VH	0
IGHV7-86*01_S6208	1	75	76	99	100	150	151	174	175	288	VH	0
IGHV7-86*01_S7736	1	75	76	99	100	150	151	174	175	288	VH	0
IGHV7-86*01_S8420	1	75	76	99	100	150	151	174	175	288	VH	0
IGHV7-86*01_S9209	1	75	76	99	100	150	151	174	175	288	VH	0
IGHV7-86*02	1	75	76	99	100	150	151	174	175	288	VH	0
