Contig:CM026053.1|Pos:80843974	1	75	76	99	100	150	151	171	172	285	VH	0
Contig:CM026053.1|Pos:80865476	1	75	76	99	100	150	151	174	175	288	VH	0
Contig:CM026053.1|Pos:80882765	1	75	76	99	100	150	151	171	172	285	VH	0
Contig:CM026053.1|Pos:80925023	1	75	76	99	100	150	151	171	172	285	VH	0
Contig:CM026053.1|Pos:80949898	1	75	76	99	100	150	151	174	175	288	VH	0
Contig:CM026053.1|Pos:80974288	1	75	76	99	100	150	151	171	172	285	VH	0
Contig:CM026053.1|Pos:80989032	1	75	76	99	100	150	151	174	175	288	VH	0
Contig:CM026053.1|Pos:80999261	1	75	76	99	100	150	151	171	172	285	VH	0
Contig:CM026053.1|Pos:81012508	1	75	76	99	100	150	151	174	175	288	VH	0
Contig:CM026053.1|Pos:81026924	1	75	76	99	100	150	151	171	172	285	VH	0
Contig:CM026053.1|Pos:81033311	1	75	76	99	100	150	151	171	172	285	VH	0
Contig:CM026053.1|Pos:81050520	1	75	76	99	100	150	151	171	172	285	VH	0
Contig:CM026053.1|Pos:81065490	4	75	76	102	103	153	154	174	175	288	VH	0
Contig:CM026053.1|Pos:81119221	4	75	76	102	103	153	154	174	175	288	VH	0
Contig:CM026053.1|Pos:81155863	1	75	76	99	100	150	151	180	181	294	VH	0
Contig:CM026053.1|Pos:81165166	5	78	79	102	103	153	154	174	175	288	VH	0
Contig:CM026053.1|Pos:81179416	1	75	76	102	103	153	154	174	175	288	VH	0
Contig:CM026053.1|Pos:81196802	4	75	76	102	103	153	154	174	175	288	VH	0
Contig:CM026053.1|Pos:81210927	1	75	76	99	100	150	151	180	181	294	VH	0
Contig:CM026053.1|Pos:81220272	4	75	76	102	103	153	154	174	175	288	VH	0
Contig:CM026053.1|Pos:81233018	4	75	76	102	103	153	154	174	175	288	VH	0
Contig:CM026053.1|Pos:81264062	2	75	76	99	100	150	151	174	175	287	VH	0
Contig:CM026053.1|Pos:81269441	7	78	79	102	103	153	154	174	175	288	VH	0
Contig:CM026053.1|Pos:81284223	4	75	76	99	100	150	151	171	172	285	VH	0
Contig:CM026053.1|Pos:81306012	4	75	76	102	103	153	154	174	175	288	VH	0
Contig:CM026053.1|Pos:81381932	4	75	76	99	100	150	151	171	172	285	VH	0
Contig:CM026053.1|Pos:81417936	4	75	76	102	103	153	154	174	175	288	VH	0
Contig:CM026053.1|Pos:81432834	4	75	76	102	103	153	154	174	175	288	VH	0
Contig:CM026053.1|Pos:81442012	1	75	76	99	100	150	151	180	181	294	VH	0
Contig:CM026053.1|Pos:81476795	1	75	76	99	100	150	151	180	181	294	VH	0
Contig:CM026053.1|Pos:81499749	1	75	76	99	100	150	151	171	172	285	VH	0
Contig:CM026053.1|Pos:81537135	1	75	76	99	100	150	151	174	175	288	VH	0
Contig:CM026053.1|Pos:81552444	1	75	76	99	100	150	151	174	175	288	VH	0
Contig:CM026053.1|Pos:81559661	1	75	76	99	100	150	151	174	175	288	VH	0
Contig:CM026053.1|Pos:81579387	1	75	76	99	100	150	151	180	181	294	VH	0
Contig:CM026053.1|Pos:81612513	1	75	76	99	100	150	151	174	175	288	VH	0
Contig:CM026053.1|Pos:81620904	1	75	76	99	100	150	151	174	175	288	VH	0
Contig:CM026053.1|Pos:81649866	1	75	76	99	100	150	151	174	175	288	VH	0
Contig:CM026053.1|Pos:81698297	1	75	76	99	100	150	151	174	175	288	VH	0
Contig:CM026053.1|Pos:81705726	1	75	76	99	100	150	151	174	175	288	VH	0
Contig:CM026053.1|Pos:81736230	1	75	76	99	100	150	151	174	175	288	VH	0
Contig:CM026053.1|Pos:81823483	1	75	76	99	100	150	151	174	175	288	VH	0
Contig:CM026053.1|Pos:81830362	1	75	76	99	100	150	151	180	181	294	VH	0
Contig:CM026053.1|Pos:81848790	1	75	76	99	100	150	151	180	181	294	VH	0
Contig:CM026053.1|Pos:81875365	1	75	76	99	100	150	151	174	175	288	VH	0
Contig:CM026053.1|Pos:81900289	1	75	76	99	100	150	151	180	181	294	VH	0
Contig:CM026053.1|Pos:81912667	1	75	76	102	103	153	154	174	175	288	VH	0
Contig:CM026053.1|Pos:81923685	4	78	79	105	106	156	157	177	178	291	VH	0
Contig:CM026053.1|Pos:81941068	1	75	76	99	100	150	151	174	175	288	VH	0
Contig:CM026053.1|Pos:81947562	3	75	76	99	100	150	151	174	175	288	VH	0
Contig:CM026053.1|Pos:81973203	1	75	76	99	100	150	151	174	175	288	VH	0
Contig:CM026053.1|Pos:82021282	1	75	76	99	100	150	151	174	175	288	VH	0
Contig:CM026053.1|Pos:82049288	1	75	76	99	100	150	151	180	181	294	VH	0
Contig:CM026053.1|Pos:82063368	1	75	76	99	100	150	151	174	175	288	VH	0
Contig:CM026053.1|Pos:82095533	4	78	79	105	106	156	157	177	178	291	VH	0
Contig:CM026053.1|Pos:82102939	1	75	76	99	100	150	151	180	181	294	VH	0
Contig:CM026053.1|Pos:82112950	1	75	76	99	100	150	151	174	175	288	VH	0
Contig:CM026053.1|Pos:82119897	1	75	76	99	100	150	151	174	175	288	VH	0
Contig:CM026053.1|Pos:82142205	1	75	76	99	100	150	151	174	175	288	VH	0
Contig:CM026053.1|Pos:82168765	1	75	76	105	106	156	157	177	178	291	VH	0
Contig:CM026053.1|Pos:82192893	1	75	76	99	100	150	151	180	181	294	VH	0
Contig:CM026053.1|Pos:82212053	1	75	76	99	100	150	151	174	175	288	VH	0
Contig:CM026053.1|Pos:82227223	1	75	76	105	106	156	157	177	178	291	VH	0
Contig:CM026053.1|Pos:82256350	2	75	76	99	100	150	151	174	175	288	VH	0
Contig:CM026053.1|Pos:82281795	1	75	76	99	100	150	151	180	181	294	VH	0
Contig:CM026053.1|Pos:82297429	1	75	76	99	100	150	151	174	175	288	VH	0
Contig:CM026053.1|Pos:82324910	1	75	76	99	100	150	151	174	175	288	VH	0
Contig:CM026053.1|Pos:82353838	1	75	76	99	100	150	151	174	175	288	VH	0
Contig:CM026053.1|Pos:82363850	2	75	76	99	100	150	151	174	175	288	VH	0
Contig:CM026053.1|Pos:82368948	16	75	76	99	100	150	151	174	175	288	VH	0
Contig:CM026053.1|Pos:82378959	1	75	76	99	100	150	151	174	175	288	VH	0
Contig:CM026053.1|Pos:82420096	1	75	76	99	100	150	151	174	175	288	VH	0
Contig:CM026053.1|Pos:82447846	2	75	76	99	100	150	151	174	175	288	VH	0
Contig:CM026053.1|Pos:82460608	4	75	76	99	100	150	151	174	175	288	VH	0
Contig:CM026053.1|Pos:82473591	1	75	76	99	100	150	151	180	181	294	VH	0
Contig:CM026053.1|Pos:82486579	1	75	76	105	106	156	157	177	178	291	VH	0
Contig:CM026053.1|Pos:82525435	1	75	76	99	100	150	151	174	175	288	VH	0
Contig:CM026053.1|Pos:82576312	1	75	76	99	100	150	151	180	181	294	VH	0
Contig:CM026053.1|Pos:82593713	1	75	76	105	106	156	157	177	178	291	VH	0
Contig:CM026053.1|Pos:82606140	1	75	76	99	100	150	151	180	181	294	VH	0
Contig:CM026053.1|Pos:82629027	1	75	76	99	100	150	151	180	181	294	VH	0
Contig:CM026053.1|Pos:82640897	1	75	76	105	106	156	157	177	178	291	VH	0
Contig:CM026053.1|Pos:82675123	1	75	76	99	100	150	151	174	175	288	VH	0
Contig:CM026053.1|Pos:82679551	2	75	76	99	100	150	151	174	175	288	VH	0
Contig:CM026053.1|Pos:82696898	1	75	76	99	100	150	151	174	175	288	VH	0
Contig:CM026053.1|Pos:82724103	1	75	76	99	100	150	151	180	181	294	VH	0
Contig:CM026053.1|Pos:82740001	1	75	76	105	106	156	157	177	178	291	VH	0
Contig:CM026053.1|Pos:82753296	1	75	76	105	106	156	157	177	178	291	VH	0
Contig:CM026053.1|Pos:82761753	1	75	76	105	106	156	157	177	178	291	VH	0
Contig:CM026053.1|Pos:82808998	1	75	76	105	106	156	157	177	178	291	VH	0
Contig:CM026053.1|Pos:82819409	1	75	76	105	106	156	157	177	178	291	VH	0
Contig:CM026053.1|Pos:82827526	1	75	76	99	100	150	151	180	181	294	VH	0
Contig:NMRJ02001542.1|Pos:30683	1	75	76	99	100	150	151	174	175	288	VH	0
Contig:NMRJ02001261.1|Pos:10391	1	75	76	99	100	150	151	174	175	288	VH	0
Contig:NMRJ02001261.1|Pos:26899	1	75	76	99	100	150	151	180	181	294	VH	0
Contig:NMRJ02001261.1|Pos:94169	7	75	76	102	103	153	154	174	175	288	VH	0
Contig:NMRJ02001261.1|Pos:103988	1	72	73	99	100	150	151	174	175	288	VH	0
Contig:NMRJ02001261.1|Pos:118075	4	75	76	99	100	150	151	171	172	285	VH	0
Contig:NMRJ02001261.1|Pos:154821	4	75	76	102	103	153	154	174	175	288	VH	0
Contig:NMRJ02001261.1|Pos:209722	7	75	76	102	103	153	154	174	175	288	VH	0
Contig:NMRJ02001167.1|Pos:14062	1	75	76	105	106	156	157	177	178	291	VH	0
Contig:NMRJ02001167.1|Pos:18849	1	75	76	99	100	150	151	174	175	259	VH	0
Contig:NMRJ02001210.1|Pos:2234	1	75	76	99	100	150	151	174	175	288	VH	0
Contig:NMRJ02001398.1|Pos:6593	1	75	76	99	100	150	151	180	181	294	VH	0
Contig:NMRJ02001398.1|Pos:34835	1	75	76	99	100	150	151	174	175	288	VH	0
Contig:NMRJ02001401.1|Pos:2989	1	75	76	99	100	150	151	180	181	294	VH	0
Contig:NMRJ02001401.1|Pos:8542	1	75	76	99	100	150	151	174	175	288	VH	0
Contig:NMRJ02001401.1|Pos:21234	1	75	76	105	106	156	157	177	178	291	VH	0
Contig:NMRJ02001401.1|Pos:29951	4	75	76	99	100	150	151	180	181	294	VH	0
Contig:NMRJ02001401.1|Pos:44822	1	75	76	105	106	156	157	177	178	291	VH	0
Contig:NMRJ02001075.1|Pos:4891	1	75	76	99	100	150	151	174	175	288	VH	0
Contig:NMRJ02001075.1|Pos:12896	1	75	76	99	100	150	151	174	175	288	VH	0
Contig:NMRJ02001075.1|Pos:38119	1	75	76	99	100	150	151	174	175	288	VH	0
Contig:NMRJ02001075.1|Pos:46026	1	75	76	99	100	150	151	174	175	288	VH	0
Contig:NMRJ02001209.1|Pos:12160	1	75	76	105	106	156	157	177	178	291	VH	0
Contig:NMRJ02001209.1|Pos:22330	1	75	76	99	100	150	151	180	181	294	VH	0
Contig:NMRJ02001209.1|Pos:31939	1	75	76	105	106	156	157	177	178	290	VH	0
Contig:NMRJ02001209.1|Pos:46206	2	75	76	99	100	150	151	174	175	288	VH	0
Contig:NMRJ02001379.1|Pos:21871	1	75	76	99	100	150	151	174	175	288	VH	0
Contig:NMRJ02001379.1|Pos:40323	1	75	76	99	100	150	151	174	175	288	VH	0
Contig:NMRJ02001379.1|Pos:52501	1	75	76	99	100	150	151	174	175	288	VH	0
Contig:NMRJ02001183.1|Pos:13814	1	75	76	99	100	150	151	174	175	288	VH	0
Contig:NMRJ02001183.1|Pos:19130	1	75	76	99	100	150	151	180	181	294	VH	0
Contig:NMRJ02001168.1|Pos:17466	1	75	76	99	100	150	151	174	175	288	VH	0
Contig:NMRJ02001166.1|Pos:2943	1	75	76	99	100	150	151	174	175	288	VH	0
Contig:NMRJ02001166.1|Pos:8526	1	75	76	99	100	150	151	180	181	294	VH	0
Contig:NMRJ02001166.1|Pos:35327	1	75	76	99	100	150	151	180	181	294	VH	0
Contig:NMRJ02001166.1|Pos:44968	1	75	76	99	100	150	151	174	175	288	VH	0
Contig:NMRJ02001380.1|Pos:31768	1	75	76	99	100	150	151	174	175	288	VH	0
Contig:CM026043.1|Pos:84465879	1	78	79	96	97	147	148	156	157	264	VK	0
Contig:CM026043.1|Pos:84494975	1	78	79	96	97	147	148	156	157	264	VK	0
Contig:CM026043.1|Pos:84527545	1	78	79	96	97	147	148	156	157	264	VK	0
Contig:CM026043.1|Pos:84543793	1	78	79	96	97	147	148	156	157	264	VK	0
Contig:CM026043.1|Pos:84626292	1	78	79	96	97	147	148	156	157	264	VK	0
Contig:CM026043.1|Pos:84656728	1	78	79	96	97	147	148	156	157	264	VK	0
Contig:CM026043.1|Pos:84668092	1	78	79	96	97	147	148	156	157	264	VK	0
Contig:CM026043.1|Pos:84691486	5	78	79	96	97	147	148	156	157	264	VK	0
Contig:CM026043.1|Pos:84766169	1	78	79	111	112	162	163	171	172	279	VK	0
Contig:CM026043.1|Pos:84779991	1	78	79	111	112	162	163	171	172	279	VK	0
Contig:CM026043.1|Pos:84793468	1	78	79	96	97	147	148	156	157	264	VK	0
Contig:CM026043.1|Pos:84822223	1	78	79	96	97	147	148	156	157	264	VK	0
Contig:CM026043.1|Pos:84837349	1	78	79	96	97	147	148	156	157	264	VK	0
Contig:CM026043.1|Pos:84845755	1	78	79	111	112	162	163	171	172	279	VK	0
Contig:CM026043.1|Pos:84858659	1	78	79	111	112	162	163	171	172	279	VK	0
Contig:CM026043.1|Pos:84863468	5	78	79	96	97	147	148	156	157	264	VK	0
Contig:CM026043.1|Pos:84986595	1	78	79	111	112	162	163	171	172	279	VK	0
Contig:CM026043.1|Pos:84994254	1	78	79	111	112	162	163	171	172	279	VK	0
Contig:CM026043.1|Pos:85006221	1	78	79	111	112	162	163	171	172	279	VK	0
Contig:CM026043.1|Pos:85018751	1	78	79	111	112	162	163	171	172	279	VK	0
Contig:CM026043.1|Pos:85030345	1	78	79	96	97	147	148	156	157	264	VK	0
Contig:CM026043.1|Pos:85037969	5	78	79	96	97	147	148	156	157	264	VK	0
Contig:CM026043.1|Pos:85106159	5	78	79	111	112	162	163	171	172	279	VK	0
Contig:CM026043.1|Pos:85134858	1	78	79	111	112	162	163	171	172	279	VK	0
Contig:CM026043.1|Pos:85273847	1	78	79	96	97	147	148	156	157	264	VK	0
Contig:CM026043.1|Pos:85295606	1	78	79	96	97	147	148	156	157	264	VK	0
Contig:CM026043.1|Pos:85308986	1	78	79	96	97	147	148	156	157	264	VK	0
Contig:CM026043.1|Pos:85367467	1	75	76	93	94	144	145	153	154	261	VK	0
Contig:CM026043.1|Pos:85388762	1	75	76	93	94	144	145	153	154	261	VK	0
Contig:CM026043.1|Pos:85399748	1	78	79	99	100	150	151	159	160	267	VK	0
Contig:CM026043.1|Pos:85491180	1	78	79	96	97	147	148	156	157	264	VK	0
Contig:CM026043.1|Pos:85511494	1	78	79	96	97	147	148	156	157	264	VK	0
Contig:CM026043.1|Pos:85522384	1	78	79	96	97	147	148	156	157	264	VK	0
Contig:CM026043.1|Pos:85541436	1	78	79	111	112	162	163	171	172	279	VK	0
Contig:CM026043.1|Pos:85582854	1	78	79	96	97	147	148	156	157	264	VK	0
Contig:CM026043.1|Pos:85593700	1	78	79	96	97	147	148	156	157	264	VK	0
Contig:CM026043.1|Pos:85612590	2	78	79	111	112	162	163	171	172	279	VK	0
Contig:CM026043.1|Pos:85657727	1	78	79	96	97	147	148	156	157	264	VK	0
Contig:CM026043.1|Pos:85736323	1	78	79	96	97	147	148	156	157	264	VK	0
Contig:CM026043.1|Pos:85781691	1	78	79	99	100	150	151	159	160	267	VK	0
Contig:CM026043.1|Pos:85834003	2	78	79	99	100	150	151	159	160	267	VK	0
Contig:CM026043.1|Pos:85924952	1	78	79	96	97	147	148	156	157	264	VK	0
Contig:CM026043.1|Pos:85932516	2	78	79	99	100	150	151	159	160	267	VK	0
Contig:CM026043.1|Pos:85951940	1	78	79	96	97	147	148	156	157	264	VK	0
Contig:CM026043.1|Pos:85972633	1	78	79	96	97	147	148	156	157	264	VK	0
Contig:CM026043.1|Pos:86005077	4	78	79	99	100	150	151	159	160	267	VK	0
Contig:CM026043.1|Pos:86024152	1	78	79	96	97	147	148	156	157	264	VK	0
Contig:CM026043.1|Pos:86039756	1	78	79	111	112	162	163	171	172	279	VK	0
Contig:CM026043.1|Pos:86115705	1	78	79	111	112	162	163	171	172	279	VK	0
Contig:CM026043.1|Pos:86127237	1	78	79	108	109	159	160	168	169	276	VK	0
Contig:CM026043.1|Pos:86141812	1	78	79	111	112	162	163	171	172	279	VK	0
Contig:CM026043.1|Pos:86165401	1	78	79	108	109	159	160	168	169	276	VK	0
Contig:CM026043.1|Pos:86176046	1	78	79	108	109	159	160	168	169	276	VK	0
Contig:CM026043.1|Pos:86191133	1	78	79	108	109	159	160	168	169	276	VK	0
Contig:CM026043.1|Pos:86209517	1	78	79	111	112	162	163	171	172	279	VK	0
Contig:CM026043.1|Pos:86234470	1	78	79	108	109	159	160	168	169	276	VK	0
Contig:CM026043.1|Pos:86255931	3	78	79	114	115	165	166	174	175	282	VK	0
Contig:CM026043.1|Pos:86282608	1	78	79	108	109	159	160	168	169	276	VK	0
Contig:CM026043.1|Pos:86308806	1	78	79	108	109	159	160	168	169	276	VK	0
Contig:CM026043.1|Pos:86326685	1	78	79	114	115	165	166	174	175	282	VK	0
Contig:CM026043.1|Pos:86347262	1	78	79	114	115	165	166	174	175	282	VK	0
Contig:CM026043.1|Pos:86373404	1	78	79	114	115	165	166	174	175	282	VK	0
Contig:CM026043.1|Pos:86406926	1	78	79	111	112	162	163	171	172	279	VK	0
Contig:CM026043.1|Pos:86443420	5	78	79	96	97	147	148	156	157	264	VK	0
Contig:CM026043.1|Pos:86469777	1	78	79	111	112	162	163	171	172	279	VK	0
Contig:CM026043.1|Pos:86501171	1	78	79	96	97	147	148	156	157	264	VK	0
Contig:CM026043.1|Pos:86523092	1	78	79	114	115	165	166	174	175	282	VK	0
Contig:CM026043.1|Pos:86583197	1	78	79	111	112	162	163	171	172	279	VK	0
Contig:CM026043.1|Pos:86599613	1	78	79	111	112	162	163	171	172	279	VK	0
Contig:CM026043.1|Pos:86614842	4	78	79	96	97	147	148	156	157	264	VK	0
Contig:CM026043.1|Pos:86632002	1	78	79	96	97	147	148	156	157	264	VK	0
Contig:CM026043.1|Pos:86641416	1	78	79	96	97	147	148	156	157	263	VK	0
Contig:CM026043.1|Pos:86661582	1	78	79	96	97	147	148	156	157	264	VK	0
Contig:CM026043.1|Pos:86667460	1	78	79	96	97	147	148	156	157	264	VK	0
Contig:CM026043.1|Pos:86694443	1	78	79	114	115	165	166	174	175	282	VK	0
Contig:CM026043.1|Pos:86821757	2	78	79	108	109	159	160	168	169	276	VK	0
Contig:CM026043.1|Pos:86832408	1	78	79	108	109	159	160	168	169	276	VK	0
Contig:CM026043.1|Pos:86847118	1	78	79	108	109	159	160	168	169	276	VK	0
Contig:CM026043.1|Pos:86897755	1	78	79	108	109	159	160	168	169	276	VK	0
Contig:CM026043.1|Pos:86921239	1	78	79	109	110	159	160	168	169	276	VK	0
Contig:NMRJ02001612.1|Pos:21210	5	78	79	96	97	147	148	156	157	264	VK	0
Contig:NMRJ02001616.1|Pos:9743	1	78	79	99	100	150	151	159	160	267	VK	0
Contig:NMRJ02001616.1|Pos:25412	1	78	79	96	97	147	148	156	157	264	VK	0
Contig:NMRJ02001791.1|Pos:4526	1	78	79	96	97	147	148	156	157	264	VK	0
Contig:NMRJ02001609.1|Pos:17461	1	78	79	111	112	162	163	171	172	279	VK	0
Contig:NMRJ02001254.1|Pos:4389	1	75	76	93	94	144	145	153	154	261	VK	0
Contig:NMRJ02001544.1|Pos:16240	1	78	79	99	100	150	151	159	160	267	VK	0
Contig:CM026051.1|Pos:74657771	1	75	76	102	103	153	154	162	163	270	VL	0
Contig:CM026051.1|Pos:74694633	1	75	76	102	103	153	154	162	163	270	VL	0
Contig:CM026051.1|Pos:74754020	1	75	76	102	103	153	154	162	163	270	VL	0
Contig:CM026051.1|Pos:74843119	1	75	76	96	97	147	148	168	169	276	VL	0
Contig:CM026051.1|Pos:75159717	13	75	76	99	100	150	151	159	160	255	VL	0
Contig:CM026051.1|Pos:75169374	7	75	76	96	97	147	148	168	169	276	VL	0
Contig:NMRJ02001724.1|Pos:8704	1	75	76	102	103	153	154	162	163	270	VL	0
